%YAML:1.0

CameraExtrinsicMat: !!opencv-matrix
   rows: 4
   cols: 4
   dt: d
   data: [ 1., 0., 0., 0., 0., 1., 0., 0., 0., 0., 1., 0., 0., 0., 0.,
       1. ]

CameraMat: !!opencv-matrix
   rows: 3
   cols: 3
   dt: d
   data: [ 1068.9649658203125,      0.0,                   1128.189208984375,
           0.,                     1060.5960693359375,      627.5377807617188, 
           0.,                     0.,                      1. ]


DistCoeff: !!opencv-matrix
   rows: 5
   cols: 1
   dt: d
   data: [ 0, 
            0,
            0, 
            0,
            0 ]

ImageSize: [1920, 1080]
Reprojection Error: 0.0
DistModel: plumb_bob