%YAML:1.0

CameraExtrinsicMat: !!opencv-matrix
   rows: 4
   cols: 4
   dt: d
   data: [ 1., 0., 0., 0., 0., 1., 0., 0., 0., 0., 1., 0., 0., 0., 0.,
       1. ]

CameraMat: !!opencv-matrix
   rows: 3
   cols: 3
   dt: d
   data: [ 1056.27099609375,      0.0,                   977.9215087890625,
           0.,                     1056.27099609375,      548.8402709960938, 
           0.,                     0.,                      1. ]


DistCoeff: !!opencv-matrix
   rows: 5
   cols: 1
   dt: d
   data: [ 0, 
            0,
            0, 
            0,
            0 ]

ImageSize: [1920, 1080]
Reprojection Error: 0.0
DistModel: plumb_bob
