self.pitch=88.63150000000002
self.roll=-0.7125939999999966
self.yaw=-109.08200000000001
self.x=-2.2098516998264626
self.y=-0.2929786403034571
self.z=0.2680499999999999
